26972 10 2 3097 3495 0
26970 10 2 3095 3498 0
28061 0 3 3161 3480 0
46034 10 2 3161 3480 0
28043 10 3 3161 3479 0
28044 10 3 3160 3479 0
28048 10 3 3160 3479 1
28045 10 3 3161 3479 1
28061 9 3 3160 3480 0
28068 9 3 3160 3480 1
28068 0 3 3161 3480 1
28074 0 3 3162 3480 1
28076 0 3 3163 3480 1
28085 4 1 3164 3479 1
28082 0 3 3164 3480 1
28084 0 3 3165 3480 1
28078 0 3 3166 3480 1
28086 4 1 3165 3479 1
28075 0 3 3167 3480 1
28070 0 3 3168 3480 1
28056 10 3 3168 3479 0
28063 0 3 3168 3480 0
28066 0 3 3167 3480 0
28064 0 3 3162 3480 0
28057 10 3 3169 3479 0
28055 10 0 3169 3479 1
28058 10 3 3168 3479 1
